1.Abdul Muis - Caheum

1, 661, 2, 1137, 3, 325, 4, 1138, 5, 6, 1198, 7, 8, 725, 310, 1261, 9, 10, 123, 660, 1139, 11, 1140, 1141, 12, 1142, 1143, 13, 1144, 14, 15, 16, 1103, 721, 17, 18, 19, 20, 1104, 1145, 1680, 21, 1146, 1147, 1148, 22, 23, 24, 647, 25, 1393, 26, 1149, 27, 1150, 28, 420, 29, 1151, 30, 1392, 31, 1152, 32, 33, 34, 35, 36, 37, 38, 244, 39, 40 , 41, 1153, 42, 1154, 245, 43, 641, 44, 45, 46, 934, 47, 389, 1155, 48, 49, 1156, 50, 1157, 51, 1416, 52, 1415, 53, 54, 55, 500, 56, 57, 58, 59, 1158, 60, 1159, 61, 62, 384, 63, 64, 1160, 65, 66, 67, 68, 69, 70

2.Abdul Muis - Elang

1, 72, 865, 73, 74, 75, 76, 1385, 1161, 1386, 77, 78, 1162, 79, 773, 80, 772, 81, 82, 904, 83, 1478, 84, 85, 1163, 86, 87, 88, 89, 90, 91, 92, 1164, 93, 1165, 1166, 1167, 94, 95, 1168, 96, 890, 97, 98, 340, 99, 100, 1169, 101, 1170, 1171, 102, 469, 103, 104, 539, 1172, 105, 106, 107, 108, 339, 109, 1173, 1175, 1174, 110, 111, 1176, 1177, 112, 734, 113, 114, 115, 343, 116, 117, 1178, 118, 119, 120, 121, 344, 122

3.Abdul Muis - Ledeng

1, 661, 2, 1137, 3, 325, 4, 1138, 5, 6, 1198, 7, 8, 725, 310, 1261, 9, 10, 123, 124, 125, 311, 126, 1093, 127, 1094, 128, 129, 1179, 130, 200, 131, 1120, 132, 1180, 133, 134, 941, 135, 136, 1181, 137, 208, 138, 139, 1012, 140, 364, 141, 365, 142, 1182, 143, 260, 144, 369, 145, 1183, 370, 549, 146, 147, 1184, 148, 149, 150, 1185, 151, 1186, 152, 153, 154, 417, 155, 156, 1187, 157, 158, 1188, 1189, 159, 160, 161, 831, 162, 163, 1190, 164, 165, 1191, 166, 167, 168, 169, 1192, 1193, 170, 1194, 171, 1195, 1196, 172, 1197, 173

4.Abdul Muis - Mengger

1, 661, 2, 1137, 3, 325, 4, 1138, 5, 6, 1198, 319, 1199, 174, 1200, 175, 727, 176, 177, 728, 1201, 178, 179, 1202, 180, 181, 182, 183, 1203, 1204, 905, 184, 688, 185, 186, 187, 188, 189, 687, 190, 1205, 1206, 191, 1207, 1208, 192, 1209, 193, 1210, 1211, 194, 1212, 195, 1213, 196, 1214, 1215, 1216, 1217, 197, 198, 199

5.Abdul Muis - Dago

1, 661, 2, 1137, 3, 325, 4, 1138, 5, 6, 1198, 7, 8, 725, 310, 9, 10, 123, 124, 125, 311, 126, 1093, 127, 1094, 128, 129, 1179, 130, 200, 201, 259, 202, 1219 203, 1220 204, 1221, 205, 1222, 1223, 206, 1224, 207, 137, 208, 138, 209, 210, 211, 212, 1225, 213, 214, 215, 1051, 553, 216, 992, 217, 218, 219, 220, 554, 221, 222, 223, 224, 225, 1226, 226, 227, 228, 1227, 229, 230

7.Antapani - Ciroyom

231, 1228, 1229, 232, 1230, 1231, 233, 234, 1232, 235, 1233, 236, 1234, 237, 1235, 238, 239, 240, 241, 242, 243, 244, 39, 40, 41, 1153, 42, 1154, 245, 246, 1236, 247, 248, 1237, 249, 980, 1238, 250, 251, 1239, 1240, 252, 253, 254, 255, 1241, 256, 1242, 257, 1243, 258, 259, 202, 1219, 203, 1220, 204, 1221, 205, 1222, 1223, 206, 1224, 207, 137, 208, 138, 139, 1012, 140, 364, 141, 1246, 364, 142, 1182, 143, 260, 1247, 261, 1248, 262, 1249, 673, 263, 264, 265, 1250, 478, 266, 267, 268, 373, 269, 544, 270, 735, 271, 1251, 272, 273, 811, 274, 275, 276, 277, 1252, 383, 278, 543, 279, 280, 281, 282, 1253, 283, 1254, 284, 787, 807, 285, 286

8. Buah Batu - Sederhana

287, 288, 289, 290, 1255, 291, 292, 1256, 293, 1257, 294, 295, 296, 297, 298, 299, 300, 301, 302, 303, 304, 724, 305, 306, 766, 307, 1258, 308, 1259, 1260, 309, 310, 1261, 9, 10, 123, 124, 125, 311, 312, 313, 1262, 314, 1263, 315, 1264, 316, 317, 1265, 318, 1198, 319, 1199, 174, 320, 321, 1266, 1267, 322, 579, 323, 324, 325, 4

9. Buah Asri - Ciroyom

326, 327, 328, 1268, 329, 330, 331, 1269, 332, 1270, 333, 334, 335, 1271, 1272, 1273, 336, 337, 1274, 338, 339, 108, 107, 106, 105, 539, 104,103, 102, 1171, 1170, 101, 1169, 100, 99, 340, 1275, 341, 342, 1276, 343, 116, 117, 1178, 118, 119, 120, 121, 344, 540, 345, 346, 347, 348, 784, 349, 350, 351, 785, 352, 353, 354, 355, 475, 356, 357, 856, 1079, 1080, 358, 669, 359, 1278, 1277, 360, 1279, 1280, 1281, 670, 361, 1282, 886, 362, 363, 1283, 364, 141, 1246, 365, 1284, 1285, 366, 482, 1286, 367, 1287, 1288, 368, 369, 145, 1183, 370, 1289, 812, 371, 372, 479, 373, 269, 544, 270, 735, 374, 375, 376, 1290, 1291, 377, 378, 379, 380, 381, 382, 383, 278, 543, 279, 280, 281, 282, 1253, 283, 1254, 284, 787, 807, 285, 286

10. Caheum - Ledeng

70, 69, 68, 67, 66, 65, 1160, 64, 63, 384, 385, 386, 387, 388, 53, 52, 51, 1157, 50, 1156, 49, 48, 1155, 389, 390, 391, 392, 1292, 1293, 1010, 393, 394, 395, 419, 396, 991, 397, 1294, 398, 399, 1295, 400, 1296, 1297, 486, 401, 487, 1298, 402, 1299, 1300, 403, 1301, 550, 404, 405, 406, 407, 408, 1302, 1303, 409, 1304, 855, 410, 1305, 1306, 411, 1307, 1308, 412, 1309, 413, 1310, 1311, 796, 1312, 414, 415, 709, 416, 417, 155, 156, 1187, 157, 158, 1188, 1189, 159, 160, 161, 831, 162, 163, 1190, 164, 165, 1191, 166, 167, 168, 169, 1192, 1193, 170, 1194, 171, 1195, 1196, 172, 1197, 173

11. Cicaheum - Ciwastra

70, 69, 68, 67, 66, 65, 1160, 64, 63, 384, 385, 386, 387, 388, 53, 499, 498, 497, 496, 495, 494, 493, 492, 418, 419, 395, 394, 393, 1010, 1293, 1292, 392, 391, 390, 389, 47, 934, 46, 45, 44, 641, 43, 245, 1154, 42, 1153, 41, 40, 39, 244, 38, 37, 36, 35, 34, 33, 32, 1152, 31, 30, 1151, 29, 420, 421, 422, 423, 424, 425, 426, 476, 427, 428, 429, 430, 431, 1313, 432, 433, 434, 435, 436, 437, 438, 1314, 439, 440, 1315, 441, 442, 1316, 443, 444, 445, 446, 447, 448, 1317, 449, 1318, 450, 451, 452, 453, 454, 455, 456, 457

12. Caringin - Dago

458, 459, 460, 461, 462, 463, 464, 1319, 465, 466, 467, 468, 469, 102, 470, 471, 472, 341, 473, 474, 122, 344, 540, 345, 346, 347, 348, 784, 349, 350, 351, 785, 352, 353, 354, 355, 475, 476, 477, 478, 266, 267, 268, 373, 479, 480, 481, 260, 144, 369, 368, 1288, 1287, 367, 1286, 482, 1320, 1321, 483, 1322, 1323, 484, 1324, 485, 486, 1325, 1326, 401, 487, 488, 489, 490, 491, 418, 492, 493, 494, 495, 1327, 496, 497, 1328, 498, 1329, 499, 53, 54, 55, 500, 1330, 501, 502, 1331, 1332, 503, 1333, 504, 505, 1334, 506, 507, 1335, 508, 1046, 509, 510, 511, 1336, 1337, 512, 1338, 513, 514, 1339, 515, 516, 1340, 517, 518, 1341, 519, 1342, 1343, 520, 1344, 1345, 521, 522, 230

13. Caringin - Sadang Serang

523, 524, 525, 526, 1346, 527, 528, 529, 1347, 530, 1348, 531, 1349, 532, 1350, 533, 1351, 534, 535, 1352, 536, 1353, 537, 538, 539, 1172, 105, 106, 107, 108, 339, 109, 1173, 1175, 1174, 110, 111, 1176, 1177, 112, 734, 113, 114, 115, 343, 116, 117, 1178, 118, 119, 120, 121, 344, 540, 541, 542, 1354, 543, 278, 383, 277, 276, 275, 274, 811, 273, 272, 1251, 271, 374, 735, 270, 544, 545, 1355, 546, 814, 547, 813, 1356, 1357, 1358, 1359, 548, 1360, 1361, 549, 1362, 1363, 370, 1183, 145, 369, 368, 1288, 1287, 367, 1286, 482, 1320, 1321, 483, 1322, 1323, 484, 1324, 485, 486, 401, 1325, 1326, 487, 1298, 402, 1299, 1300, 403, 1301, 550, 1364, 551, 1365, 1366, 552, 553, 216, 992, 217, 218, 219, 1367, 220, 1368, 554, 221, 222, 223, 224, 225, 1681, 1682, 1683, 1684, 1685, 1686, 1687, 554, 1369, 1370, 555, 1371, 556, 557, 558, 1372, 1050, 559, 1373, 1374, 1375, 560, 1376, 1377, 561, 1378, 1379, 1380, 562, 1381, 563, 564

14. Cibaduyut - Karang Setera

565, 1382, 1383, 566, 567, 568, 569, 1384, 570, 767, 571, 572, 573, 574, 575, 730, 576, 577, 578, 579, 323, 324, 325, 1, 72, 865, 73, 74, 75, 76, 1385, 1161, 1386, 77, 78, 1162, 79, 773, 80, 772, 81, 82, 904, 83, 580, 581, 582, 861, 583, 1163, 584, 775, 585, 586, 475, 476, 477, 478, 266, 267, 268, 373, 588, 589, 590, 720, 748, 591, 592, 749, 1014, 593, 1015, 594, 595, 596, 830, 597, 1387, 598, 1388, 1389, 1390, 1391, 599, 600

15. Cibiru - Cicadas

601, 60, 603, 1068, 1069, 604, 605, 606, 607, 608, 609, 610, 611, 612, 613, 914, 614, 615, 616, 617, 618, 619, 620, 621, 1006, 885, 622, 623, 624, 625, 626, 627, 628, 629, 630, 631, 632, 633, 634, 635, 636, 637, 638, 639, 640, 426, 425, 424, 423, 422, 421, 420, 29, 1151, 30, 1392, 1152, 32, 33, 34, 35, 36, 37, 38, 244, 39, 40, 41, 1153, 42, 1154, 245, 43, 641, 642, 643, 644, 645, 646

17. Cicadas - Elang

41, 40, 39, 244, 38, 37, 36, 35, 34, 33, 32, 1152, 31, 1392, 30, 1151, 29, 420, 28, 1150, 27, 1149, 26, 3193, 25, 647, 648, 649, 650, 651, 759, 652, 653, 760, 1394, 654, 1395, 655, 1098, 656, 1396, 657, 1397, 658, 1398, 1399, 1400, 659, 1401, 660, 123, 124, 125, 311, 312, 313, 1262, 314, 1263, 315, 1264, 316, 317, 1265, 318, 1198, 6, 5, 1138, 4, 325, 1, 661, 662, 1086, 1402, 663, 1403, 664, 1404, 665, 1087, 666, 1405, 667, 1406, 889, 668, 669, 359, 1278, 1277, 360, 1279, 1280, 1281, 670, 1408, 671, 1409, 672, 1410, 673, 263, 264, 265, 1250, 478, 266, 267, 268, 373, 269, 544, 270, 735, 374, 271, 1251, 272, 273, 811, 274, 275, 1141, 276, 1412, 277, 1252, 383, 278, 543, 1354, 542, 541, 1413, 1414, 675, 344

18. Cicaheum - Cibaduyut

70, 69, 68, 67, 66, 65, 1160, 64, 63, 384, 385, 386, 387, 388, 53, 1415, 52, 1416, 51, 1157, 50, 1156, 49, 48, 1155, 389, 47, 934, 46, 45, 44, 641, 43, 245, 1154, 42, 1153, 41, 40, 39, 244, 38, 37, 36, 35, 34, 33, 32, 1152, 31, 1392, 30, 1151, 29, 420, 421, 422, 423, 424, 425, 426, 676, 677, 678, 679, 680, 1440, 681, 682, 683, 1417, 684, 685, 686, 687, 189, 188, 187, 186, 185, 688, 689, 690, 691, 692, 693, 694, 695, 696, 566, 1383, 1382, 565

19. Cicaheum - Ciroyom

70, 69, 68, 67, 66, 65, 1160, 64, 63, 384, 385, 386, 387, 388, 53, 499, 1329, 498, 1328, 497, 496, 1327, 495, 494, 493, 492, 418, 491, 490, 489, 697, 213, 698, 1418, 699, 1419, 1054, 700, 1420, 701, 1421, 702, 1422, 995, 703, 704, 1423, 705, 706, 1424, 1425, 1426, 1427, 1428, 707, 708, 409, 1304, 885, 410, 1305, 1306, 411, 1307, 1308, 412, 1309, 413, 1429, 1310, 1311, 796, 1312, 414, 415, 709, 710, 797, 711, 712, 713, 1430, 714, 715, 804, 1431, 716, 717, 816, 718, 1431, 1432, 1433, 1434, 1435, 1436, 719, 1437, 720, 590, 589, 588, 373, 269, 544, 270, 735, 374, 271, 1251, 272, 273, 811, 274, 275, 1411, 276, 1412, 277, 1252, 383, 278, 543, 279, 280, 281, 282, 1253, 1254, 283, 284, 787, 807, 285, 286

20. Cijerah - Ciwastra

457, 456, 455, 454, 1438, 453, 452, 1439, 451, 450, 1318, 449, 1317, 448, 447, 446, 445, 444, 443, 1316, 442, 441, 1315, 440, 439, 1314, 438, 437, 436, 435, 433, 432, 1313, 431, 430, 429, 428, 676, 677, 678, 679, 680, 1440, 681, 682, 683, 1417, 684, 685, 686, 687, 189, 188, 187, 186, 185, 688, 689, 690, 691, 692, 693, 694, 695, 696, 566, 1383, 1382, 565

21. Cijerah - Sederhana

731, 732, 733, 734, 113, 114, 115, 343, 116, 117, 1178, 118, 119, 120, 121, 344, 540, 541, 542, 1354, 543, 278, 383, 1252, 277, 1412, 276, 1411, 275, 274, 811, 273, 272, 1251, 271, 374, 735, 1444, 1445, 736, 1446, 737, 1447, 738, 739, 1448, 1449, 740, 1450, 1451, 741, 1452, 1453, 1454, 1455, 742, 1456, 1457, 1027, 1028, 1029, 1688, 1689, 1690, 1691, 1692, 1021, 743, 1026, 744, 1025, 745, 746, 1458, 1459, 1022, 747, 748, 591, 749, 820, 750, 1013, 751, 801

22. Cikuda Pateuh - Ciroyom

752, 1460, 753, 1461, 754, 755, 1462, 1463, 756, 1464, 1465, 1466, 757, 758, 1467, 759, 652, 653, 760, 1468, 1469, 1470, 761, 762, 1099, 763, 15, 764, 1271, 1272, 765, 766, 307, 1258, 308, 1259, 1260, 309, 310, 725, 1443, 726, 727, 176, 177, 728, 729, 730, 575, 574, 1473, 573, 572, 1474, 571, 767, 1475, 768, 1476, 1477, 769, 770, 771, 772, 80, 773, 774, 1478, 84, 85, 1163, 584, 775, 776, 777, 778, 779, 780, 781, 892, 782, 783, 784, 349

23. Ciumbuleuit - St Hall Via Sukajadi

788, 789, 790, 791, 792, 793, 1479, 1480, 794, 1481, 795, 796, 1312, 414, 415, 709, 710, 797, 798, 823, 824, 799, 1482, 800, 801, 751, 802, 1483, 1484, 1485, 803, 1185, 713, 1430, 714, 715, 804, 805, 806, 369, 144, 260, 1247, 1486, 261, 1248, 262, 1249, 673, 263, 264, 265, 1250, 478, 477, 476, 475, 356, 357, 856, 1079, 1078

24. Ciroyom - Sarijadi Via Setrasari

284, 787, 807, 808, 1291, 809, 810, 811, 273, 272, 1251, 271, 374, 735, 270, 544, 269, 373, 1487, 479, 372, 1488, 371, 812, 1489, 1490, 813, 547, 814, 1491, 815, 1492, 816, 817, 818, 819, 1493, 820, 750, 1013, 751, 801, 800, 1482, 799, 824, 825, 1494, 1495, 1496, 826, 1497, 1498, 1499, 827, 1500, 828, 1501, 1502, 829, 830, 597, 1387, 598, 1388, 1389, 1390, 1391, 599, 600, 160, 161, 831, 832, 833, 834, 1503, 835, 836, 837, 1505, 838, 1506, 839, 1507, 840, 1130, 1508, 841, 1509, 1510, 842, 843, 844, 1511, 845, 1512, 846, 847, 848, 850

26. Cisitu - Tegal Lega

851, 852, 1513, 1514, 853, 1515, 1516, 854, 1517, 1518, 1427, 1428, 708, 409, 1304, 855, 410, 1305, 1306, 411, 1307, 1308, 412, 1309, 413, 1429, 1310, 1311, 796, 1312, 414, 415, 709, 710, 797, 711, 712, 713, 1430, 714, 715, 804, 805, 806, 369, 144, 260, 1247, 1486, 261, 1248, 262, 1249, 673, 263, 264, 265, 1250, 478, 477, 476, 475, 356, 357, 856, 857, 858, 1519, 859 ,860, 775, 584, 1163, 583, 861, 862, 1520, 863, 864, 865, 72, 1

27. Ciwastra - Ujung Berung

866, 867, 868, 869, 1521, 1522, 1523, 1524, 870, 1525, 1526, 1527, 1528, 1529, 871, 1530, 1531, 1532, 1533, 1534, 872, 1535, 1536, 873, 1537, 874, 875, 1538, 1539, 876, 1540, 954, 877, 1541, 878, 1542, 1543, 879, 1544, 880, 1545, 881, 1546, 1547, 1548, 882, 1549, 883, 1550, 1551, 884, 885, 622, 623, 624, 625, 626, 627, 628, 629, 630, 631, 632, 633, 634, 635, 636, 637, 638, 639, 640, 427, 428, 429, 430, 431, 1313, 432, 433, 434, 435, 436, 437, 438, 1314, 439, 440, 1315, 441, 442, 1316, 443, 444, 445, 446, 447, 448, 1317, 449, 1318, 450, 451, 1439, 452, 453, 1438, 454, 455, 456, 457

28. Dago - St Hall

521, 522, 1552, 230, 1553, 229, 1227, 228, 227, 226, 1226, 225, 224, 223, 222, 1554, 221, 554, 1368, 220, 1367, 219, 218, 217, 992, 216, 553, 1251, 215, 214, 213, 697, 1225, 212, 211, 210, 1555, 209, 138, 139, 1012, 1011, 1244, 1245, 886, 887, 1115, 1556, 1557, 1558, 888, 1559, 889, 668, 669, 358, 1080, 1079, 1078

29. Elang - Gede Bage

121, 120, 119, 118, 1178, 117, 116, 343, 1276, 342, 341, 1275, 340, 98, 97, 890, 891, 892, 781, 894, 895, 896, 1560, 897, 1531, 898, 1562, 899, 900, 901, 902, 903, 904, 82, 81, 772, 771, 770, 769, 1477, 1476, 768, 1475, 767, 766, 765, 571, 1474, 572, 573, 1473, 574, 575, 730, 729, 728, 1201, 178, 179, 1202, 180, 181, 182, 183, 1203, 1204, 905, 1563, 1564, 1565, 906, 1566, 907, 1597, 908, 1568, 909, 910, 1569, 1570, 911, 1571, 1572, 912, 913, 687, 686, 685, 684, 1417, 683, 682, 681, 1440, 680, 679, 678, 677, 676, 639, 638, 637, 636, 635, 634, 633, 632, 631, 630, 629, 628, 627, 626, 625, 624, 623, 622, 885, 1006, 621, 620, 619, 618, 617, 1055, 616, 615, 614, 914, 1573, 915, 916, 1574, 917, 918, 919, 920, 921 ,922, 1575, 923, 1576, 924, 1577, 925, 1578, 926, 1579, 927, 1580, 928, 929

30. Margahayu - Ledeng

930, 1581, 931, 1582, 1583, 1584, 1585, 932, 933,  628, 629, 630, 631, 632, 633, 634, 635, 636, 637, 638, 639, 640, 426, 425, 424, 423, 422, 421, 420, 29, 1151, 30, 1392, 31, 1152, 32, 33, 34, 35, 36, 37, 38, 244, 39, 40, 41, 1153, 42, 1154, 245, 43, 641, 44, 45, 46, 934, 1586, 1587, 1588, 1589, 935, 1590, 1591, 936, 1592, 1593, 1594, 1595, 937, 983, 984, 985, 986, 938, 939, 940, 941, 1246, 135, 136, 1181, 137, 208, 138, 139, 1012, 140, 364, 141, 1246, 365, 142, 1182, 143, 260, 144, 369, 806, 805, 804, 715, 714, 1430, 713, 712, 711, 797, 710, 709, 416, 417, 155, 156, 1187, 157, 158, 1188, 1189, 159, 1596, 160, 161, 831, 162, 163, 1190, 164, 165, 1191, 166, 167, 168, 169, 1192, 1193, 170, 171, 1195, 1196, 172, 1197, 173

31. Panghegar - Dipati Ukur

942, 1597, 943, 1598, 944, 1599, 945, 946, 947, 948, 949, 950, 951, 952, 1600, 953, 954, 1540, 876, 1539, 1538, 875, 874, 1537, 873, 1536, 1535, 872, 1534, 1533, 1532, 1531, 1530, 871, 1529, 1528, 1527, 1526, 1525, 870, 1524, 1523, 1522, 1521, 869, 868, 867, 866, 956, 957, 958, 959, 960, 961, 962, 963, 964, 965, 967, 1601, 968, 969, 970, 971 972, 973, 974, 975, 976, 977, 1602, 1603, 978, 979, 244, 39, 40, 41, 1153, 42, 1154, 245, 246, 1236, 247, 248, 1237, 249, 980, 1238, 981, 982, 983, 984, 985, 986, 938, 987, 1604, 1605, 1007, 988, 1606, 1607, 989, 1608, 990, 991, 397, 1294, 398, 399, 1295, 400, 1296, 1297, 486, 401, 1325, 1326, 487, 1298, 402, 1299, 1300, 403, 1301, 550, 1364, 551, 1365, 1366, 552, 553, 216, 992, 993

32. riung bandung - dago 

996, 997, 1609, 998, 1610, 1611, 999, 1612, 1613, 1000, 1614, 1615, 1001, 1616, 1002, 1617, 1618, 1003, 1619, 1004, 1620, 1005, 1006, 885, 622, 623, 624, 625, 626, 627, 628, 629, 630 ,631, 632, 633, 634, 635, 636, 637, 638, 639, 640, 426, 425, 424, 423, 422, 421, 420, 29, 1151, 30, 1392, 31, 1152, 32, 33, 34, 35, 36, 37, 38, 244, 39, 40, 41, 1153, 42, 1154, 245, 246, 1236, 247, 248, 1237, 249, 980, 981, 982, 937, 983, 984, 985, 986, 938, 987, 1604, 1605, 1007, 1621, 1008, 1009, 1010, 393, 394, 395, 419, 418, 491, 490, 489, 697, 213, 698, 418, 699, 1419, 1054, 700, 1420, 701, 1421, 702, 1422, 995, 703, 704, 1423, 705, 706, 1424, 1425, 1367, 220, 1368, 554, 221, 1554, 222, 223, 224, 225, 1226, 226, 227, 228, 1227, 229, 1553, 230

33. sederhana - cimindi 

800, 801, 751, 1013, 1622, 1014, 593, 1015, 1016, 1623, 1624, 1017, 1018, 1625, 1019, 1020, 1021, 1626, 1027, 743, 744, 745, 746, 1022, 1023, 1024, 1025, 1026, 1027, 1028, 1029, 1030, 1031, 1136, 1032, 1033, 1034, 1109, 1035, 1036, 1114, 1036, 1037, 1038, 1039, 1040, 1628, 1041, 1042, 1629, 1630, 1043, 1631, 1632, 1044, 1045

34.sekemirung - panyileukan

1046, 1047, 1641, 1048, 1642, 1643, 1644, 1645, 1049, 1050, 1372, 558, 557, 556, 1371, 555, 1370, 1369, 554, 1368, 220, 1367, 219, 218, 217, 992, 216, 553, 1051, 1052, 1053, 1054, 1419, 699, 1418, 698, 213, 697, 489, 490, 491, 418, 492, 493, 494, 495, 1327, 496, 497, 1328, 498, 1329, 499, 53, 388, 387, 386, 385, 384, 63, 64, 1160, 65, 66, 67, 68, 69, 70, 969, 698, 1601, 967, 966, 965, 964, 963, 962, 961, 960, 959, 958, 957, 956, 866, 1633, 1634, 1635, 1637, 1638, 1639, 1640, 1579, 926, 1578, 925, 1577, 924, 1576, 923, 1575, 922, 921, 920, 919, 918, 1055, 1056, 1057, 1646, 1647, 1058, 1648, 1059, 1649, 1060, 1061, 1062, 1063, 1064, 1065, 1066, 1067, 1068, 1069, 1650, 1070, 1651, 1652, 1071, 1653, 1654, 1655, 1072, 1656, 1073, 1074, 1075, 1076, 1077

35. St. Hall - Gedebage

1078, 1079, 1080, 1657, 1081, 1082, 1083, 1084, 1658, 1085, 1086, 1402, 663, 1403, 664, 1404, 665, 1087, 1659, 1088, 1089, 1090, 1091, 1092, 1093, 127, 1094, 1660, 1095, 1661, 1096, 1097, 1098, 655, 654, 1394, 760, 1468, 1469, 1470, 761, 762, 1099, 1100, 1662, 1101, 1102, 1103, 721, 17, 18, 19, 20, 1104, 1105, 1663, 1106, 1664, 1107, 1108


36. St Hall - Gunung Batu

475, 356, 357, 1079, 1080, 669, 359, 1278, 1277, 360, 1407, 1279, 1280, 1281, 670, 1408 361, 1282, 886, 362, 363, 1283, 364, 141, 1246, 365, 142, 1182, 143, 260, 144, 369, 145, 1183, 370, 1363, 1362, 549, 146, 1665, 147, 1184, 148, 1666, 717, 816, 817, 718, 1432, 1433, 1434, 1435, 1436, 719, 1437, 720, 748, 747, 1022, 1667, 1668, 1669, 1023, 1024, 1025, 1026, 1626, 1027, 1028, 1029, 1627, 1030, 1031, 1136, 1032, 1033, 1034, 1109, 1110, 1670, 1111, 1671, 1112, 1113, 1114, 1037, 1038, 1039, 1040, 1628, 1041, 1042, 1629, 1630, 1043, 1631, 1632, 1044, 1045

37. St Hall - Sadang Serang

669, 359, 1278, 1277, 360, 1407, 1279, 1280, 1281, 670, 361, 1282, 886, 887, 1115, 1116, 1117, 1118, 1119, 1094, 128, 129, 1179, 130, 200, 131, 1120, 1243, 1121, 1122, 1123, 1124, 938, 987, 1604, 1605, 1007, 1621, 1008, 1009, 1010, 1293, 1292, 392, 391, 390, 389, 1155, 48, 49, 1156, 50, 1157, 51, 1416, 52, 1415, 53, 54, 55, 500, 1330, 501, 502

38. st hall - sarijadi 

1078, 1079, 1080, 669, 359, 1278, 1277, 360, 1407, 1279, 1280, 1281, 670, 748, 1408, 671, 1409, 672, 1410, 673, 263, 264, 265, 266, 267, 268, 373, 588, 589, 590, 720, 1667, 748, 1022, 1667, 1668, 1669, 1023, 1024, 1448, 1449, 1025, 1026, 1626, 1027, 1028, 1029, 1627, 1030, 1031, 1136, 1135, 1672, 1134, 1673, 1133, 1132, 1131, 1130, 1508, 841, 1509, 1510, 842, 843, 844, 846, 1129, 1674, 1675, 1128, 1676, 1127, 1677, 1126, 1125




afdasfs


1, 661, 2, 1137, 3, 325, 4, 1138, 5, 6, 7, 8, 725, 310, 9, 10, 123, 124, 125, 311, 126, 1093, 127, 1094, 128, 129, 1179, 130, 200, 131, 1120, 132, 1180, 133, 134, 941, 135, 136, 1181, 137, 208, 138, 139, 1012, 140, 364, 141, 365, 142, 1182, 143, 260, 144, 369, 145, 1183, 370, 549, 146, 147, 1184, 148, 149, 150, 1185, 151, 1186, 152, 153, 154, 417, 155, 156, 1187, 157, 158, 1188, 1189, 159, 160, 161, 162, 163, 1190, 164, 165, 1191, 166, 167, 168, 169, 1192, 1193, 170, 1194, 171, 1195, 1196, 172, 1197, 173